SIMP
NP=512
SW=100000.00
X0=60000.00
SF=94.70
TYPE=SPE
DATA
709.724266 -121.250400
709.396076 -127.340403
709.048881 -133.482382
708.893381 -139.745418
708.852506 -145.949575
709.075562 -152.130067
709.394460 -157.917432
709.384482 -163.536551
709.180196 -169.363098
709.078165 -175.553015
709.484659 -181.689444
710.000971 -187.397286
710.261165 -192.838336
710.202248 -198.286225
710.016789 -204.086621
710.069967 -209.985269
710.190795 -215.782594
710.303739 -221.593007
710.472199 -227.253453
710.430083 -232.816177
710.082632 -238.496011
709.677241 -244.591761
709.566440 -250.962369
709.759628 -257.232103
710.073360 -263.187130
709.862807 -268.951184
709.428347 -275.289001
709.346317 -281.930980
709.472134 -288.595372
709.867261 -295.150166
710.180953 -301.511127
710.368660 -307.863582
710.445084 -314.362264
710.547184 -321.005144
710.641510 -327.836038
711.121562 -334.918749
711.875092 -341.495612
712.172493 -347.861158
712.154227 -354.476704
712.014223 -361.484939
712.153507 -368.910606
712.700987 -376.245629
713.154082 -383.222808
713.156453 -390.357704
713.142563 -397.906262
713.085035 -405.659678
713.068567 -413.894158
713.411028 -422.397536
713.919476 -430.898551
714.406201 -439.507586
714.784642 -448.308396
714.891088 -457.626115
715.285997 -467.993289
716.565542 -478.707172
718.101516 -489.479786
719.764582 -500.776700
721.689394 -512.916070
724.408007 -526.485650
729.116469 -541.444441
737.148903 -556.584633
747.735169 -569.484508
758.653464 -580.463539
770.058664 -591.404346
783.803251 -601.114584
798.136545 -609.852517
817.127645 -618.113101
841.041175 -618.354587
862.248636 -608.130285
871.629745 -590.942244
873.669661 -582.525460
881.717641 -571.944414
877.827858 -551.198802
857.056085 -544.282502
842.255405 -557.792342
846.908870 -576.958980
868.570325 -580.759407
881.036699 -562.189219
878.190701 -543.362071
864.970356 -523.188382
837.826957 -513.686916
811.296689 -521.051122
794.500061 -533.557738
781.042371 -545.418152
767.462779 -557.879722
755.562205 -575.046512
749.338973 -592.035383
743.065704 -607.317921
738.459760 -624.169157
735.702662 -639.464543
732.512177 -655.004859
731.316681 -671.161190
731.770044 -685.456381
731.059271 -697.742757
728.657171 -710.849886
726.384651 -725.263245
724.840070 -740.511872
724.400202 -755.940449
724.535767 -770.704476
724.364752 -785.247313
724.104528 -799.996343
723.804510 -815.197982
723.957736 -830.783955
724.442256 -846.346107
725.063429 -861.954797
725.729364 -877.506753
726.208702 -893.231847
726.557849 -909.277131
726.846852 -925.938315
727.613060 -943.146109
728.803007 -960.281342
729.851812 -977.318590
730.474142 -994.547136
730.742784 -1012.613809
731.303945 -1031.503761
732.240935 -1050.802965
733.384024 -1070.331116
734.302243 -1090.039108
735.014613 -1110.504161
735.692101 -1131.571504
736.247540 -1153.578248
737.173846 -1176.552428
738.440618 -1200.107791
739.978745 -1224.166799
741.263546 -1248.663930
742.258043 -1274.229969
743.288369 -1301.180646
744.942465 -1329.443748
747.234522 -1358.269640
749.373842 -1387.809267
751.495874 -1418.460913
753.476384 -1450.452567
755.667956 -1484.123214
758.335679 -1519.269824
761.309631 -1555.849466
764.613151 -1593.939795
768.115606 -1633.553185
771.412127 -1674.946869
774.676603 -1718.978979
778.597238 -1765.762935
783.300855 -1814.994072
788.540734 -1866.721970
794.019749 -1921.192881
799.494498 -1979.262670
805.630400 -2041.813299
813.027683 -2108.685896
821.387521 -2180.273551
831.052899 -2257.188637
841.984314 -2339.933813
854.235088 -2429.664541
868.323637 -2527.610102
884.941232 -2635.140859
904.923189 -2753.645111
929.346569 -2884.854835
958.932481 -3030.661063
994.799246 -3195.071416
1040.364299 -3382.957980
1100.207207 -3599.830635
1181.960333 -3853.798371
1299.051786 -4155.389283
1477.870772 -4518.638409
1776.027394 -4952.290767
2306.099545 -5404.959224
3109.778970 -5628.947893
3862.028464 -5484.177511
4381.709086 -5234.205643
4814.585165 -4993.373562
5075.656330 -4829.182377
5519.304444 -4987.831566
6516.716940 -4929.607722
7482.568887 -4130.035795
7843.052539 -3078.821076
7854.651187 -2241.828653
7821.160414 -1564.842283
7711.218148 -776.905919
7118.458829 -150.846595
6469.156112 -128.115816
6261.353550 -610.532529
6905.049734 -1030.898809
7918.657889 -573.676781
8555.936085 431.803093
8865.500545 2017.034713
7879.991665 3682.926336
6390.109975 4156.373273
5497.154245 4019.932309
4955.552320 3925.854800
4553.315878 3977.106022
3937.593637 4029.415485
3505.481902 3808.399209
3196.530191 3792.539034
2696.088372 3722.993998
2292.995620 3452.993038
1984.093048 3156.874904
1827.086985 2773.975356
1910.273694 2501.788751
1989.490561 2532.760690
1838.554096 2609.629413
1591.624179 2611.696274
1316.770822 2468.078093
1144.253632 2252.231744
1046.371009 2049.238904
986.036768 1872.547156
945.324222 1718.748064
915.752431 1583.201543
892.920095 1461.765117
874.927082 1351.609246
860.268898 1250.732355
848.307423 1157.469610
838.533565 1070.932843
830.312236 990.244522
823.049206 914.759997
816.238757 843.154257
810.362639 774.723081
805.492386 709.305764
801.592808 646.856949
797.999426 587.333392
794.455523 529.795326
791.168252 473.897792
788.350859 419.270434
786.115469 366.088039
784.205121 314.119231
782.823333 263.273117
781.513286 213.621766
780.234090 164.569062
779.058991 115.893562
778.311265 67.308442
778.296075 19.089898
778.642296 -28.420890
778.844318 -75.525608
778.846886 -122.945232
779.226909 -170.821071
780.040353 -219.026847
781.235183 -267.497636
782.697508 -316.214109
784.094642 -365.494580
785.622982 -415.655394
787.297559 -466.763942
789.015788 -519.291018
791.457177 -573.324647
794.409616 -628.478565
797.486985 -684.997175
800.580808 -743.400462
803.846244 -804.300796
807.795700 -867.925315
812.734060 -934.272909
818.343445 -1003.100057
824.254267 -1075.300824
831.024510 -1151.455708
838.548868 -1231.806465
847.181057 -1317.314003
857.317505 -1408.247518
869.002768 -1505.304293
882.562649 -1609.290215
898.043139 -1721.161618
915.676411 -1842.565774
936.448130 -1975.558597
961.776963 -2121.654816
992.369434 -2282.811796
1029.569567 -2462.510396
1075.761249 -2664.862640
1134.528852 -2895.779943
1212.461777 -3162.762696
1319.745715 -3475.353459
1475.116830 -3847.506105
1717.000571 -4294.779350
2125.920505 -4819.370986
2851.752931 -5328.021522
3907.467255 -5425.978042
4633.979489 -4978.165788
4846.108813 -4705.664796
5167.074388 -4915.038682
6002.437515 -5047.355817
6829.632293 -4716.162969
7500.016283 -4355.455489
8172.910242 -3923.582163
8893.274189 -3298.353715
9230.554465 -2474.877796
9396.580407 -2103.713073
10158.764954 -1880.534441
11141.717317 -1037.053124
12099.278614 74.961666
13108.674177 2101.350524
12845.525328 4959.592682
11192.953877 7163.958517
9313.718136 8417.714320
7182.683940 9253.797884
4901.577563 9027.532620
3405.385935 8095.831709
2570.481240 7171.767821
2076.475365 6410.638177
1761.080177 5793.249846
1548.608548 5291.014035
1394.524979 4874.616352
1280.959323 4521.665544
1194.833426 4221.017105
1126.725720 3960.038359
1073.871397 3731.371049
1031.729661 3531.442573
995.044080 3354.598559
963.363559 3194.661746
936.843761 3049.582025
914.553897 2917.771241
895.450357 2797.444203
879.081405 2687.109304
864.913434 2585.563778
852.705497 2491.847731
841.847054 2405.192000
832.220235 2324.516747
823.676505 2249.499917
815.755444 2179.361074
808.497146 2113.465854
801.905524 2051.259999
796.260399 1992.644932
791.073376 1937.608583
786.109144 1885.600814
781.287374 1836.167350
776.893812 1788.833018
773.129371 1743.830286
769.680610 1701.069630
766.411951 1660.321173
763.348156 1621.278698
760.602746 1583.929616
757.956156 1548.177188
755.520652 1513.720390
753.404262 1480.583148
751.629060 1448.823685
750.002143 1418.508199
748.239733 1389.463422
746.396044 1361.195733
744.955108 1333.717401
743.784634 1307.462050
742.572706 1282.232215
741.289395 1257.895673
739.953989 1234.235716
738.717664 1211.242759
737.566249 1188.967484
736.382280 1167.391480
735.194387 1146.252212
734.328061 1125.760869
733.255594 1106.089785
732.022017 1086.675827
730.932871 1067.595698
729.997803 1048.866201
729.355843 1030.680342
728.660256 1013.166934
727.752638 995.975948
726.971274 978.857536
726.528364 962.203348
726.026141 946.066386
725.567579 930.129963
725.270880 914.634111
724.930627 899.470871
724.706797 884.623770
724.361087 870.216640
723.921078 855.770990
723.883413 841.545798
723.834404 827.915879
723.528969 814.487427
723.160709 801.061489
722.901227 787.686702
722.722698 774.414999
722.696240 761.271199
722.535443 748.330704
722.355145 734.970973
722.721038 721.585356
723.099916 708.182642
723.946307 694.202004
725.835664 679.938071
729.230652 665.798504
734.194608 652.899403
739.516347 642.290628
742.959430 632.677409
745.872480 620.765223
753.271778 607.553607
764.429666 600.344050
771.131828 598.004789
775.027568 593.958162
781.070599 590.570823
784.465198 592.829546
779.792343 593.409888
775.059700 586.285659
773.891260 578.980392
773.209052 569.544429
778.721153 559.859488
787.218224 557.310102
792.074713 560.313591
791.937861 567.077914
781.762983 572.338202
769.927809 567.122064
763.215291 559.511392
758.357860 551.553996
755.709082 545.563558
750.150796 539.805683
747.032159 532.288037
743.488402 528.445990
734.954207 522.985142
727.496668 512.502394
722.913815 500.788159
720.884813 489.069805
720.753646 479.045233
720.349764 470.988344
719.054332 463.139935
717.449624 455.176438
716.045439 446.747821
715.053353 438.394719
714.348449 430.236662
713.790285 422.208185
713.550663 414.401019
713.349314 407.094255
712.873927 399.884733
712.421291 392.666843
712.068520 385.432695
711.831898 378.426441
711.487312 371.552191
711.129138 364.640122
710.818743 357.762251
710.660072 350.962249
710.385728 344.339036
710.074022 337.596689
709.950105 330.796031
710.055820 324.151233
710.136730 317.858143
709.974348 311.536556
709.905237 305.110222
709.985220 298.707029
710.237541 292.504812
710.378015 286.565957
710.383838 280.621647
710.408751 274.651985
710.521739 268.813692
710.458308 263.116172
710.325242 257.247016
710.384222 251.447643
710.392157 245.813457
710.273473 240.289894
709.932465 234.729786
709.539927 228.860115
709.474801 222.910377
709.520349 217.266322
709.279275 211.697240
709.009308 205.923195
708.830523 200.090024
708.703361 194.230584
708.709078 188.357022
708.723560 182.581082
708.773374 176.723841
709.050606 170.997217
709.074684 165.530033
708.958968 159.730164
709.150175 153.818929
709.524499 148.102261
709.877846 142.616773
710.030339 137.253018
709.954498 131.780850
709.926388 125.966804
710.254397 120.290395
710.319624 114.798024
710.367065 109.063993
710.492800 103.435752
710.404311 97.717897
710.294129 91.808568
710.200853 85.653275
710.244943 79.272433
710.597454 72.771273
710.977660 66.507764
710.932946 59.929069
711.192161 52.601218
711.901139 45.022947
713.092347 37.070713
714.971126 28.902508
717.563967 20.700220
720.857795 12.495512
725.228657 4.173375
731.107260 -3.015900
736.444945 -9.004608
742.415242 -16.042778
751.213337 -22.072656
761.408760 -24.295627
769.392374 -22.508343
772.841150 -20.446791
775.896359 -21.735024
781.979761 -21.147933
783.209185 -16.659288
780.223802 -18.082502
781.228159 -24.109772
788.638816 -31.139286
803.171056 -29.863938
811.752806 -19.542406
817.448600 -6.419478
811.732069 13.364132
793.015648 22.124374
778.910825 18.640720
771.074373 14.713223
763.989946 13.197530
752.984356 10.246132
745.236655 1.222833
741.970224 -4.434197
735.234129 -8.346202
727.826337 -16.312723
722.978165 -25.650904
720.174585 -35.370877
719.584281 -44.138071
719.604087 -50.659262
718.208971 -56.244808
716.227427 -62.434518
714.392365 -69.273917
713.237261 -76.300423
712.518367 -82.910133
711.561987 -89.281539
710.685454 -96.032343
710.290812 -102.717214
710.145927 -109.190028
710.060496 -115.258065
END