SIMP
NP=512
SW=100000.00
X0=60000.00
SF=94.70
TYPE=SPE
DATA
-1748.419888 493.090545
-1747.481494 467.934419
-1746.415455 445.636363
-1748.376010 422.289559
-1748.169286 397.444870
-1747.982362 374.651056
-1749.260960 350.984884
-1748.335133 326.620145
-1748.152039 305.787497
-1751.798285 283.061100
-1753.674156 257.091268
-1753.890958 231.710552
-1753.272710 205.595139
-1749.749731 180.455277
-1746.161708 159.386516
-1745.816320 139.197505
-1746.684903 117.809568
-1747.694718 95.691462
-1749.343111 72.858420
-1749.932508 47.990085
-1747.178667 24.218173
-1745.617043 4.955265
-1748.483012 -15.605896
-1750.428532 -38.665409
-1752.730835 -61.767099
-1754.529994 -87.376745
-1752.465464 -112.709017
-1750.970975 -134.083469
-1752.041136 -156.070235
-1753.558850 -179.844903
-1752.650323 -204.435641
-1751.347604 -226.179837
-1753.161098 -247.891080
-1754.197282 -272.145026
-1755.019001 -294.952526
-1756.930978 -319.993384
-1756.034901 -345.235113
-1755.798629 -368.376548
-1757.439490 -392.756231
-1757.586920 -419.691837
-1755.215510 -445.887852
-1751.749327 -470.124652
-1749.857950 -492.434019
-1749.414156 -515.570125
-1748.614864 -539.885124
-1747.242259 -563.376333
-1746.205868 -587.503171
-1744.162637 -610.128813
-1745.270715 -631.901079
-1747.351353 -657.280417
-1746.738715 -683.349824
-1746.615414 -708.330897
-1746.275071 -735.023172
-1744.748337 -760.005977
-1746.651044 -786.405751
-1745.039847 -816.960424
-1740.401035 -843.982905
-1738.533293 -870.526889
-1734.827901 -898.965064
-1730.990874 -924.626930
-1730.291365 -952.723465
-1725.782251 -984.146780
-1718.666326 -1012.245287
-1715.369576 -1039.298140
-1712.102330 -1072.634519
-1702.687552 -1106.922580
-1691.341051 -1139.433012
-1678.204331 -1172.635525
-1661.130564 -1205.389652
-1643.028907 -1236.253643
-1622.971958 -1272.810814
-1583.955081 -1312.660565
-1529.864620 -1329.834550
-1482.363151 -1330.343465
-1431.846273 -1319.559698
-1389.512190 -1277.677160
-1383.586069 -1227.333476
-1388.620049 -1185.425861
-1413.759527 -1133.127950
-1475.613055 -1091.005123
-1563.685578 -1091.285730
-1632.402011 -1137.415696
-1668.817817 -1192.687071
-1687.559910 -1241.126805
-1701.673148 -1281.081697
-1716.239670 -1320.216540
-1727.994739 -1360.762408
-1735.913871 -1402.285628
-1738.557690 -1441.787466
-1740.156435 -1477.630049
-1742.771459 -1511.647570
-1745.646004 -1549.055954
-1741.514713 -1586.041238
-1735.818231 -1616.093036
-1733.980042 -1642.559382
-1735.445649 -1669.348666
-1739.368908 -1698.060090
-1742.733545 -1730.476263
-1742.743428 -1763.611841
-1740.810274 -1794.627646
-1740.333020 -1823.138225
-1741.983784 -1852.854179
-1743.047682 -1884.036741
-1743.312134 -1914.390752
-1746.390245 -1945.694498
-1746.881688 -1981.263061
-1743.488883 -2014.869799
-1740.535961 -2046.136843
-1737.693828 -2077.684097
-1733.425561 -2107.441169
-1731.763769 -2134.284749
-1733.107549 -2163.617487
-1732.795202 -2193.932606
-1734.291222 -2222.772487
-1738.181761 -2255.716877
-1737.280653 -2291.398583
-1734.208414 -2323.174961
-1733.909293 -2353.075573
-1735.861037 -2384.850122
-1736.622696 -2418.560131
-1737.538301 -2451.827046
-1738.007456 -2487.140983
-1735.993767 -2521.406511
-1735.898144 -2552.829426
-1739.135240 -2586.712569
-1740.983258 -2624.185549
-1739.877694 -2660.735060
-1740.857514 -2696.328794
-1741.401993 -2734.545026
-1739.974962 -2772.079173
-1740.905100 -2808.696165
-1741.606860 -2849.759079
-1738.258283 -2890.296340
-1735.371065 -2929.003688
-1732.337234 -2968.875507
-1727.888556 -3007.594528
-1723.756471 -3045.929647
-1718.930755 -3083.056464
-1715.127751 -3117.824004
-1715.658851 -3151.903766
-1719.291667 -3189.141979
-1723.662182 -3232.201603
-1721.527871 -3278.384897
-1716.025322 -3319.814887
-1713.051103 -3357.788288
-1713.996808 -3395.524527
-1718.689399 -3436.458287
-1722.628130 -3483.234890
-1721.822143 -3530.828285
-1721.244645 -3575.948283
-1722.768702 -3623.418433
-1720.916896 -3672.882209
-1718.921405 -3719.615745
-1718.760514 -3766.874749
-1720.852536 -3814.427471
-1726.329998 -3867.372715
-1727.616836 -3926.833919
-1723.153932 -3986.820043
-1716.146153 -4044.305444
-1710.117737 -4100.703926
-1705.685756 -4159.977231
-1697.141607 -4224.791816
-1680.308853 -4288.787344
-1659.605982 -4346.999985
-1639.180197 -4400.072903
-1621.023329 -4451.242261
-1602.966731 -4501.913663
-1583.179565 -4550.614756
-1563.821109 -4592.611031
-1554.058656 -4629.574047
-1553.663297 -4675.129499
-1547.721199 -4728.702383
-1539.867830 -4780.500312
-1528.117477 -4837.330219
-1505.054799 -4883.374934
-1494.573472 -4914.102363
-1495.852170 -4950.728808
-1499.419762 -4983.264430
-1524.177090 -5018.756244
-1553.322589 -5074.754080
-1579.694087 -5139.905341
-1602.276102 -5215.308092
-1618.590207 -5295.704148
-1630.801189 -5378.711391
-1638.485230 -5466.749661
-1638.218630 -5552.582710
-1639.570023 -5636.161263
-1640.195070 -5721.841880
-1640.239176 -5809.415739
-1637.401805 -5898.943164
-1632.186093 -5986.941173
-1629.940754 -6074.134448
-1627.838092 -6166.632313
-1622.078663 -6259.604836
-1616.529488 -6351.464909
-1613.058787 -6443.972013
-1611.738329 -6538.958107
-1612.458284 -6639.003714
-1609.864501 -6746.035000
-1600.449236 -6852.715803
-1592.455980 -6954.823360
-1589.961508 -7059.225876
-1589.543985 -7170.162738
-1586.172600 -7287.638559
-1578.604957 -7405.529332
-1572.406136 -7523.689912
-1567.360848 -7644.616710
-1563.201421 -7769.315845
-1559.975138 -7897.580611
-1556.332284 -8031.637183
-1551.909061 -8167.741401
-1550.715722 -8309.622001
-1546.798464 -8460.801003
-1537.250246 -8614.090441
-1528.895649 -8769.229227
-1520.307134 -8929.009891
-1512.470341 -9093.463168
-1505.014262 -9264.176746
-1495.734693 -9442.098426
-1485.393073 -9624.131731
-1475.443918 -9813.792251
-1462.706684 -10010.469707
-1448.104264 -10212.236559
-1434.285217 -10419.440487
-1420.986389 -10635.572538
-1406.598183 -10860.206134
-1391.157535 -11094.477011
-1373.809482 -11338.186698
-1353.411693 -11591.320971
-1332.258156 -11851.689000
-1311.926732 -12124.221136
-1288.272756 -12408.006171
-1265.523398 -12701.505222
-1244.989419 -13010.657973
-1221.542690 -13338.124574
-1194.207262 -13680.136910
-1166.225760 -14038.764274
-1136.184925 -14416.829877
-1104.015997 -14815.437697
-1068.730098 -15237.793896
-1027.981614 -15684.376357
-982.154152 -16156.341960
-931.154024 -16654.107093
-878.282875 -17183.258898
-817.294849 -17747.963520
-750.457958 -18348.058413
-677.335481 -18990.920660
-594.925235 -19681.590421
-500.188257 -20424.076419
-392.919146 -21223.029618
-271.676927 -22086.689945
-134.883595 -23024.596020
22.864280 -24049.415346
207.741402 -25172.934148
426.655321 -26407.622208
682.016004 -27773.294261
987.095602 -29299.471835
1361.651785 -31017.333588
1830.707632 -32962.763099
2424.531046 -35188.393505
3197.737424 -37772.421673
4251.946583 -40818.396837
5766.693539 -44462.710047
8104.694041 -48867.735103
12012.133266 -54083.295204
18874.171883 -59345.604861
28987.307312 -61402.557525
37654.886689 -58890.552086
43545.253933 -55872.087999
48738.941091 -53914.073832
55251.833352 -51397.804807
60619.982869 -46418.598401
62996.428639 -42242.884039
65667.340319 -40813.974861
70186.632492 -40256.397671
77230.226042 -40602.630540
90175.481324 -38370.834578
102920.944072 -27530.132522
111398.870810 -14738.104051
120871.551394 1916.949188
122946.282344 26723.253154
113821.289755 48425.163144
102009.749691 65900.636218
84362.141528 80823.896206
62431.714401 88537.711648
40346.476388 86462.524896
25177.261848 77491.935191
16643.895030 68199.370763
11681.642583 60491.897113
8556.165581 54289.318105
6452.511967 49248.278611
4962.716198 45089.949342
3856.527394 41603.657854
3005.573317 38630.414338
2341.312025 36057.894812
1813.895470 33816.610320
1384.585016 31841.706881
1034.236007 30090.252729
739.632802 28528.505255
486.414870 27120.107400
275.605948 25842.285996
96.138327 24686.023196
-62.762862 23631.654771
-205.773768 22664.215097
-332.867642 21768.390714
-442.928099 20939.914786
-541.303763 20172.241334
-629.560960 19456.967507
-707.590445 18790.273489
-779.706167 18166.671395
-843.081753 17579.687010
-898.534045 17031.283896
-952.546518 16515.969692
-1002.201191 16026.657072
-1045.339525 15563.004232
-1082.626950 15125.690454
-1117.089771 14712.340131
-1148.423949 14321.267616
-1178.764969 13950.353794
-1208.009736 13597.225356
-1236.597407 13259.013029
-1261.832071 12933.987014
-1283.536447 12623.903375
-1303.126997 12326.408809
-1316.679350 12043.465222
-1331.999997 11778.338442
-1350.502137 11522.063485
-1367.171300 11273.543152
-1381.342542 11036.343020
-1397.170496 10807.762704
-1409.486954 10587.288707
-1423.567032 10378.379264
-1440.454372 10174.060160
-1455.000015 9973.596762
-1466.392391 9780.732357
-1478.235683 9595.835549
-1490.631417 9415.278707
-1500.302617 9240.054163
-1510.458513 9072.262242
-1521.692957 8907.137434
-1528.844904 8746.115659
-1536.301651 8593.301628
-1545.789847 8442.781850
-1551.789226 8294.852115
-1556.746038 8154.394795
-1563.416199 8017.468276
-1569.722829 7883.796026
-1575.660456 7753.932603
-1583.414715 7626.296432
-1588.216141 7498.814389
-1590.033939 7375.999465
-1590.573509 7258.133565
-1591.235161 7145.425655
-1593.278151 7036.772639
-1597.067764 6931.344383
-1603.027415 6826.931221
-1609.146422 6722.172974
-1612.092646 6617.450485
-1613.045410 6517.658087
-1614.064357 6420.132708
-1615.240616 6327.762271
-1620.803372 6235.695458
-1625.460987 6141.872749
-1628.387431 6047.789646
-1628.319701 5954.132556
-1624.913495 5862.999359
-1621.023095 5774.120028
-1612.724172 5684.940069
-1597.775636 5601.929237
-1583.322570 5529.872492
-1575.112463 5460.497633
-1566.662021 5391.398162
-1557.213004 5325.195015
-1547.041723 5263.756734
-1540.191098 5209.847603
-1542.717325 5155.311280
-1544.861798 5094.809244
-1542.759323 5033.470478
-1534.786805 4974.426227
-1521.019828 4927.114867
-1518.472117 4892.932877
-1524.215508 4856.134016
-1535.461419 4825.916150
-1563.768795 4791.655959
-1595.454060 4743.767122
-1627.445911 4689.137289
-1657.722904 4623.140625
-1675.889821 4550.793248
-1686.275174 4483.795776
-1695.792609 4418.817306
-1702.251138 4354.962762
-1707.095325 4293.043913
-1709.789180 4233.410554
-1713.312930 4175.826773
-1714.677215 4118.131629
-1715.343777 4064.259706
-1716.898946 4011.068731
-1717.057913 3959.284050
-1718.198235 3911.698820
-1723.886043 3863.390715
-1728.910898 3812.681319
-1733.231298 3761.168017
-1735.379415 3708.677352
-1734.710788 3658.620128
-1735.664591 3610.089593
-1734.322846 3560.552585
-1731.813598 3515.418418
-1732.241345 3470.245447
-1730.105026 3425.029340
-1728.604279 3383.037140
-1729.594938 3340.844851
-1728.694944 3296.904589
-1726.437413 3256.096652
-1725.803530 3216.644892
-1725.763550 3176.842351
-1724.876951 3138.258194
-1725.581725 3100.941053
-1727.440827 3063.318953
-1729.591406 3024.314158
-1730.385546 2985.176256
-1729.883048 2946.231386
-1728.011884 2909.862809
-1727.558081 2875.976208
-1729.502723 2843.323659
-1734.656319 2809.712438
-1740.483981 2772.113060
-1742.299345 2733.116381
-1743.058687 2698.086735
-1748.151343 2662.603183
-1751.148142 2622.821317
-1751.705010 2585.062236
-1752.404970 2546.396913
-1749.484977 2508.373342
-1746.157226 2475.118243
-1747.536865 2442.649524
-1748.590148 2405.520886
-1744.574073 2369.609357
-1741.397240 2338.137016
-1740.903861 2306.384939
-1738.826584 2273.443171
-1736.952875 2243.609813
-1736.948071 2212.524727
-1735.320251 2182.028173
-1735.527837 2153.474167
-1737.982045 2122.871513
-1738.714370 2089.729714
-1736.245405 2057.329933
-1733.381559 2028.156880
-1731.955658 1999.580402
-1730.114598 1972.550532
-1731.313790 1947.171610
-1734.999677 1919.750642
-1738.508938 1890.153265
-1741.524772 1859.314133
-1742.715592 1827.323223
-1742.059811 1796.844089
-1743.026377 1768.256854
-1745.559205 1737.014813
-1744.981443 1704.421039
-1742.905398 1674.153535
-1742.235493 1645.092651
-1741.877293 1615.374704
-1742.491526 1585.446068
-1741.692293 1552.348001
-1736.308601 1521.229638
-1731.647071 1495.503905
-1733.130652 1470.481755
-1736.006788 1440.544579
-1737.681195 1408.150617
-1737.061645 1374.496265
-1736.050444 1340.104913
-1733.418769 1304.247235
-1728.940322 1265.303251
-1717.733755 1225.887622
-1702.802750 1190.025183
-1685.816205 1157.933615
-1670.501240 1128.902070
-1656.769553 1096.942429
-1636.715668 1061.208978
-1608.550036 1028.313839
-1573.872643 1000.441770
-1531.676210 979.962306
-1484.899981 973.342240
-1436.228511 979.107677
-1388.405665 1012.141102
-1370.382876 1065.180863
-1375.381385 1112.449110
-1395.438412 1165.425537
-1450.398767 1210.405959
-1526.963113 1225.877588
-1606.755768 1203.041407
-1664.295684 1151.077403
-1694.446328 1093.424933
-1708.219398 1044.179883
-1718.503240 1002.179373
-1725.465460 961.235356
-1727.560744 923.008853
-1726.335165 889.417131
-1725.089088 860.958961
-1725.837128 835.404931
-1729.592022 811.439727
-1736.576663 784.408038
-1740.528903 753.334894
-1739.330805 724.178421
-1738.933888 700.458580
-1742.487754 676.075555
-1745.620955 649.868572
-1748.537814 623.123110
-1750.606257 595.250737
-1750.158639 566.949254
-1748.027300 541.669881
-1747.909614 517.847840
END